int desligar=4197902752;
Integer[] tempe= {0xFA36E9A0, 0x9368D502, 0x1858526, 0xF6912C62, 0x3BC3AD86, 0x8E1663EA, 0x48E3E2C6, 0x631ED142, 0x7B874E26, 0x303BA92C, 0x2190C048, 0x99E32FAC, 0x1FA453C8, 0x8587774C, 0xE9DC7E70};
//indice 0 => desligar
//indice >0 => setar temperatura indice + 16/ligar na temperatura indice + 17
// indice 1 => temperatura 16 + 1 = 17ºc

temp[0] = {1658, 4400, 4300, 600, 1500, 600, 500, 600, 1500, 600, 1550, 600, 500, 600, 450, 600, 1500, 650, 450, 600, 500, 600, 1550, 600, 450, 600, 500, 550, 1550, 600, 1550, 600, 450, 600, 1550, 600, 450, 600, 1550, 600, 1500, 600, 1550, 600, 1550, 600, 450, 600, 1550, 600, 1550, 600, 1550, 600, 450, 600, 500, 600, 450, 600, 500, 550, 1550, 600, 500, 600, 450, 600, 1550, 600, 1500, 600, 1550, 600, 450, 600, 500, 600, 450, 600, 500, 600, 450, 600, 500, 600, 450, 600, 450, 650, 1500, 600, 1550, 600, 1500, 600, 1550, 600, 1500, 650};

temp[1] = {24384, 4400, 4300, 600, 1550, 550, 600, 500, 1550, 550, 1600, 550, 550, 500, 600, 500, 1550, 600, 550, 500, 550, 500, 1600, 550, 550, 550, 550, 500, 1550, 600, 1600, 550, 500, 550, 1550, 600, 550, 500, 550, 550, 500, 550, 1550, 600, 1550, 550, 1600, 550, 1600, 550, 1550, 550, 1600, 550, 1550, 600, 1550, 600, 500, 550, 550, 550, 500, 550, 550, 500, 550, 550, 550, 500, 550, 550, 500, 550, 550, 500, 1600, 550, 550, 550, 500, 550, 550, 500, 1550, 600, 1600, 550, 1550, 600, 1550, 550, 550, 550, 1550, 550, 1600, 550, 1550, 600};

temp[2] = {-5248, 4400, 4350, 550, 1550, 550, 550, 550, 1550, 550, 1600, 550, 550, 550, 500, 550, 1550, 600, 500, 550, 550, 550, 1550, 600, 500, 550, 550, 500, 1550, 600, 1550, 600, 550, 500, 1550, 600, 550, 500, 550, 550, 550, 500, 1550, 600, 1550, 600, 1550, 550, 1600, 550, 1550, 600, 1550, 550, 1550, 600, 1550, 600, 550, 500, 550, 550, 500, 550, 550, 550, 500, 550, 550, 500, 550, 550, 500, 550, 1550, 600, 1550, 600, 500, 550, 550, 550, 500, 550, 1550, 600, 1550, 550, 1600, 550, 550, 500, 550, 550, 1550, 550, 1600, 550, 1600, 550};

temp[3] = {2534, 4400, 4300, 600, 1550, 550, 550, 550, 1550, 550, 1600, 550, 550, 500, 550, 550, 1550, 600, 500, 550, 550, 500, 1600, 550, 550, 550, 500, 550, 1550, 600, 1550, 600, 500, 550, 1550, 600, 500, 550, 550, 550, 500, 550, 1550, 600, 1550, 600, 1500, 600, 1550, 600, 1550, 550, 1600, 550, 1550, 600, 1550, 600, 500, 550, 550, 550, 500, 550, 500, 550, 550, 550, 500, 550, 550, 550, 1550, 550, 1550, 600, 1550, 600, 500, 550, 550, 550, 500, 550, 1550, 600, 1550, 600, 500, 550, 500, 550, 550, 550, 1550, 550, 1600, 550, 1600, 550};

temp[4] = {868, 4400, 4300, 600, 1500, 600, 550, 550, 1500, 600, 1550, 600, 500, 550, 550, 550, 1550, 600, 500, 550, 500, 550, 1550, 600, 550, 550, 500, 550, 1550, 600, 1550, 600, 500, 550, 1550, 600, 500, 550, 550, 550, 500, 550, 1550, 600, 1550, 600, 1500, 600, 1550, 600, 1500, 600, 1550, 600, 1550, 600, 1550, 600, 500, 550, 550, 500, 550, 550, 500, 550, 550, 550, 500, 550, 550, 500, 1550, 600, 550, 550, 1550, 600, 500, 550, 500, 550, 550, 550, 1550, 600, 1500, 600, 550, 550, 1500, 600, 550, 550, 1500, 600, 1550, 600, 1550, 600};

temp[5] = {-8288, 4450, 4300, 600, 1500, 600, 550, 550, 1500, 600, 1550, 600, 500, 550, 550, 550, 1500, 600, 550, 550, 500, 550, 1550, 600, 500, 550, 550, 550, 1550, 600, 1500, 600, 550, 550, 1550, 600, 500, 550, 550, 500, 550, 550, 1550, 600, 1550, 550, 1550, 600, 1550, 600, 1500, 600, 1550, 600, 1550, 600, 1500, 600, 550, 550, 500, 550, 550, 500, 550, 550, 550, 500, 550, 550, 1550, 600, 1550, 550, 550, 550, 1550, 600, 500, 550, 550, 550, 500, 550, 1550, 600, 500, 550, 550, 550, 1500, 600, 550, 550, 1500, 600, 1550, 600, 1550, 600};

temp[6] = {6040, 4400, 4300, 600, 1550, 600, 500, 550, 1550, 600, 1550, 600, 500, 550, 550, 550, 1500, 600, 550, 550, 500, 550, 1550, 600, 500, 550, 550, 550, 1500, 600, 1550, 600, 500, 550, 1550, 600, 500, 550, 550, 550, 500, 550, 1550, 600, 1550, 600, 1500, 600, 1550, 600, 1550, 600, 1550, 600, 1500, 600, 1550, 600, 550, 550, 500, 550, 500, 550, 550, 550, 500, 550, 550, 550, 1500, 600, 1550, 600, 1550, 600, 1500, 600, 550, 550, 500, 550, 550, 550, 1500, 600, 550, 550, 500, 550, 550, 500, 550, 550, 1550, 600, 1500, 650, 1500, 600};

temp[7] = {162, 4400, 4250, 600, 1550, 600, 550, 500, 1550, 600, 1550, 600, 500, 550, 550, 550, 1500, 600, 550, 550, 500, 550, 1550, 600, 500, 550, 550, 550, 1500, 600, 1550, 600, 500, 550, 1550, 600, 550, 500, 550, 550, 500, 550, 1550, 600, 1550, 600, 1550, 600, 1550, 600, 1500, 600, 1550, 600, 1500, 600, 1550, 600, 550, 550, 500, 550, 500, 550, 550, 550, 500, 550, 550, 550, 1500, 600, 550, 550, 1500, 600, 1550, 600, 550, 550, 500, 550, 500, 550, 1550, 600, 550, 550, 1500, 600, 550, 550, 500, 550, 1550, 600, 1550, 600, 1550, 600};

temp[8] = {31398, 4450, 4250, 600, 1550, 600, 500, 550, 1550, 600, 1550, 600, 500, 550, 550, 550, 1500, 600, 550, 550, 500, 550, 1550, 600, 500, 550, 550, 550, 1500, 600, 1550, 600, 500, 550, 1550, 600, 500, 550, 550, 550, 500, 550, 1550, 600, 1550, 600, 1550, 600, 1550, 550, 1550, 600, 1550, 600, 1500, 600, 1550, 600, 550, 550, 500, 550, 500, 550, 550, 550, 500, 550, 550, 550, 1500, 600, 550, 550, 500, 550, 1550, 600, 500, 550, 550, 550, 500, 550, 1550, 600, 500, 550, 1550, 600, 1550, 600, 500, 550, 1550, 600, 1550, 600, 1550, 600};

temp[9] = {-5452, 4400, 4300, 600, 1500, 600, 550, 550, 1500, 600, 1550, 600, 500, 550, 550, 550, 1500, 600, 550, 550, 500, 550, 1550, 600, 550, 500, 550, 550, 1550, 600, 1500, 600, 550, 550, 1550, 600, 500, 550, 550, 550, 500, 550, 1550, 600, 1550, 600, 1500, 600, 1550, 600, 1500, 600, 1550, 600, 1550, 600, 1550, 550, 550, 550, 500, 550, 550, 550, 500, 550, 550, 550, 1500, 600, 1550, 600, 550, 550, 500, 550, 1550, 600, 500, 550, 550, 550, 500, 550, 550, 500, 550, 550, 1550, 600, 1500, 600, 550, 550, 1500, 600, 1550, 600, 1550, 600};

temp[10] = {2956, 4400, 4300, 600, 1500, 600, 550, 550, 1500, 600, 1550, 600, 550, 500, 550, 550, 1550, 600, 500, 550, 550, 500, 1550, 600, 550, 550, 500, 550, 1550, 600, 1550, 600, 500, 550, 1550, 600, 500, 550, 550, 550, 500, 550, 1550, 600, 1550, 600, 1500, 600, 1550, 600, 1500, 600, 1550, 600, 1550, 600, 1550, 600, 500, 550, 550, 550, 500, 550, 550, 500, 550, 550, 1550, 600, 1500, 600, 550, 550, 1550, 600, 1500, 600, 550, 550, 500, 550, 500, 550, 550, 550, 500, 550, 1550, 600, 500, 550, 550, 550, 1500, 600, 1550, 600, 1550, 600};

temp[11] = {30598, 4400, 4300, 600, 1500, 600, 550, 550, 1500, 600, 1550, 600, 550, 500, 550, 550, 1550, 600, 500, 550, 550, 550, 1500, 600, 550, 550, 500, 550, 1550, 600, 1550, 600, 500, 550, 1550, 600, 500, 550, 550, 550, 500, 550, 1550, 600, 1550, 600, 1500, 600, 1550, 600, 1500, 600, 1550, 600, 1550, 600, 1550, 600, 500, 550, 550, 550, 500, 550, 550, 550, 500, 550, 1550, 600, 500, 550, 550, 550, 1500, 600, 1550, 600, 500, 550, 550, 550, 500, 550, 550, 550, 1500, 600, 1550, 600, 500, 550, 550, 550, 1500, 600, 1550, 600, 1550, 600};

temp[12] = {23362, 4400, 4250, 600, 1550, 600, 550, 550, 1500, 600, 1550, 600, 500, 550, 550, 550, 1500, 600, 550, 550, 500, 550, 1550, 600, 500, 550, 550, 550, 1500, 600, 1550, 600, 550, 500, 1550, 600, 550, 550, 500, 550, 550, 550, 1500, 600, 1550, 600, 1550, 600, 1550, 600, 1500, 600, 1550, 600, 1500, 600, 1550, 600, 550, 550, 500, 550, 500, 550, 550, 550, 500, 550, 1550, 600, 500, 550, 550, 550, 500, 550, 1550, 600, 550, 500, 550, 550, 500, 550, 550, 550, 1500, 600, 1550, 600, 1550, 600, 550, 500, 1550, 600, 1550, 600, 1550, 600};

temp[13] = {30482, 4400, 4300, 600, 1500, 600, 500, 600, 1550, 600, 1550, 600, 450, 600, 500, 550, 1550, 600, 500, 600, 450, 600, 1550, 600, 450, 600, 500, 600, 1500, 600, 1550, 600, 500, 550, 1550, 600, 500, 550, 500, 600, 500, 550, 1550, 600, 1550, 600, 1500, 600, 1550, 600, 1550, 600, 1550, 600, 1500, 600, 1550, 600, 500, 600, 450, 600, 450, 600, 500, 600, 450, 600, 1550, 600, 500, 550, 1550, 600, 500, 550, 1550, 600, 500, 550, 500, 600, 500, 550, 500, 600, 1500, 600, 550, 550, 1500, 600, 500, 600, 1550, 600, 1500, 600, 1550, 600};

temp[14] = {20490, 4400, 4250, 600, 1550, 600, 500, 600, 1500, 600, 1550, 600, 500, 550, 500, 600, 1500, 600, 500, 600, 500, 550, 1550, 600, 500, 550, 500, 600, 1500, 600, 1550, 600, 500, 550, 1550, 600, 500, 600, 500, 550, 500, 550, 1550, 600, 1550, 600, 1550, 600, 1550, 600, 1500, 600, 1550, 600, 1500, 600, 1550, 600, 500, 600, 500, 550, 500, 550, 550, 550, 500, 550, 1550, 600, 500, 550, 1550, 600, 1550, 600, 1550, 600, 500, 550, 500, 600, 450, 600, 500, 550, 1550, 600, 500, 600, 450, 600, 500, 550, 1550, 600, 1550, 600, 1550, 600};

//off
4197902752
//on 17 - 30
2473121026
25527590
4136709218
1002679686
2383832042
1222894278
1662964034
2072464934
809216300
563134536
2581802924
530863048
2240247628
3923541616
